0.000000
0.000000
0.000000
0.000000
1734.800277
1545.552667
1545.819607
1063.405066
1341.611918
1499.093781
1180.881060
1270.240373
933.077495
896.327670
1788.085718
864.648935
1406.078330
1744.656283
1415.385066
1011.496677
1743.294008
1046.380172
1691.254311
1175.386795
1332.055946
1143.678937
1227.535801
1264.744813
1056.862828
1025.625695
1197.995199
1045.769257
1313.385245
1006.860303
1796.896512
864.074297
1130.169507
1215.051909
1427.778898
1732.274805
1223.212477
1368.618360
1241.776336
1136.296757
1627.608230
1317.591002
1775.717239
854.105006
1427.272047
1406.252495
1067.542537
1553.284537
989.652513
1492.848069
1367.589322
1327.205591
1626.529231
849.714992
1292.620057
1588.894938
971.465741
1540.460587
937.392112
1491.991942
1227.896746
1521.791743
1476.260001
1188.751747
1206.413264
1355.691538
1460.246958
1287.426385
1266.326813
1547.459201
1227.110184
919.896388
1193.707150
