0.000000
0.000000
0.000000
0.000000
0.000000
0.000000
0.000000
62.030746
77.500025
65.396032
58.035332
69.598353
62.184651
54.959138
80.385661
75.207484
74.363245
76.781408
79.382184
63.954256
76.055911
57.843594
69.463372
0.000000
65.764473
71.063159
78.666532
63.384357
67.953480
60.165405
62.349262
63.902864
65.858722
78.490779
69.641910
67.317083
69.525221
78.970069
65.472413
67.723071
69.842117
71.917352
74.176550
76.499677
65.012113
73.767609
69.299175
71.836142
63.649656
68.739504
61.445624
69.865115
61.978309
64.167349
60.173497
79.586038
74.247733
71.878461
67.410996
61.704270
70.364564
67.500732
60.315157
64.545185
60.348557
62.429827
64.395680
73.945145
73.945145
76.053650
67.921613
65.506357
76.434275
71.918290
68.591361
70.594342
71.650210
71.713576
64.161319
72.559678
60.158179
62.290332
71.511065
73.824892
67.693955
63.258112
61.640158
67.488410
61.943271
70.488431
60.821703
69.726300
72.251219
68.116769
77.315659
62.309192
77.816227
71.542810
66.342065
65.516418
70.537456
70.048291
68.062471
60.871110
73.671303
78.210937
69.972881
69.436045
71.472806
70.887004
73.434233
68.285173
66.921290
69.003637
71.962234
66.140106
71.523111
70.296123
68.400827
73.132264
73.667462
69.466350
71.616413
74.030086
76.277395
67.696516
76.955937
68.461856
60.641026
74.395787
73.787807
68.961861
67.759941
74.201625
67.792095
60.119907
72.419177
74.302148
