0.000000
18.726934
15.636259
15.636259
12.548405
12.548405
16.849957
13.734488
13.734488
18.159004
18.159004
7.488953
0.000000
10.613722
15.012189
15.012189
11.880463
16.289679
16.289679
0.000000
12.110783
16.510189
16.510189
13.392939
0.000000
14.681782
19.116816
19.116816
15.995160
12.841233
12.841233
9.719706
9.719706
14.108782
11.016674
11.016674
7.884516
7.884516
12.237926
16.619099
16.619099
13.487474
13.487474
17.933201
7.286991
7.286991
17.039949
17.039949
6.416985
10.737284
10.737284
15.146550
15.146550
19.572433
8.956326
8.956326
13.258687
13.258687
17.670334
7.035836
